"id","prob_0","prob_1"
8138,0.99,0.01
8139,1,0
8140,0.88,0.12
8141,0.99,0.01
8142,0.54,0.46
8143,1,0
8144,1,0
8145,0.9,0.1
8146,1,0
8147,1,0
8148,0.7,0.3
8149,0.99,0.01
8150,0.81,0.19
8151,0.95,0.05
8152,1,0
8153,1,0
8154,0.99,0.01
8155,1,0
8156,1,0
8157,1,0
8158,0.99,0.01
8159,0.9,0.1
8160,1,0
8161,1,0
8162,1,0
8163,1,0
8164,1,0
8165,0.99,0.01
8166,0.64,0.36
8167,0.97,0.03
8168,1,0
8169,0.96,0.04
8170,0.97,0.03
8171,1,0
8172,0.91,0.09
8173,1,0
8174,1,0
8175,1,0
8176,1,0
8177,1,0
8178,0.77,0.23
8179,0.98,0.02
8180,0.9,0.1
8181,0.87,0.13
8182,0.77,0.23
8183,1,0
8184,0.6,0.4
8185,1,0
8186,0.75,0.25
8187,1,0
8188,0.99,0.01
8189,1,0
8190,0.93,0.07
8191,1,0
8192,0.97,0.03
8193,0.79,0.21
8194,1,0
8195,1,0
8196,0.99,0.01
8197,1,0
8198,1,0
8199,1,0
8200,1,0
8201,1,0
8202,0.99,0.01
8203,0.98,0.02
8204,0.87,0.13
8205,1,0
8206,0.93,0.07
8207,1,0
8208,1,0
8209,1,0
8210,0.91,0.09
8211,0.98,0.02
8212,1,0
8213,1,0
8214,0.99,0.01
8215,0.93,0.07
8216,0.43,0.57
8217,1,0
8218,0.94,0.06
8219,0.87,0.13
8220,0.98,0.02
8221,0.92,0.08
8222,1,0
8223,1,0
8224,0.85,0.15
8225,1,0
8226,0.93,0.07
8227,1,0
8228,1,0
8229,1,0
8230,1,0
8231,0.82,0.18
8232,0.93,0.07
8233,0.93,0.07
8234,0.75,0.25
8235,0.83,0.17
8236,1,0
8237,0.98,0.02
8238,1,0
8239,1,0
8240,0.71,0.29
8241,0.98,0.02
8242,0.99,0.01
8243,0.98,0.02
8244,0.99,0.01
8245,1,0
8246,1,0
8247,0.99,0.01
8248,0.97,0.03
8249,0.93,0.07
8250,1,0
8251,0.97,0.03
8252,0.93,0.07
8253,1,0
8254,0.98,0.02
8255,1,0
8256,1,0
8257,0.99,0.01
8258,0.96,0.04
8259,1,0
8260,1,0
8261,1,0
8262,1,0
8263,0.99,0.01
8264,0.99,0.01
8265,0.93,0.07
8266,0.99,0.01
8267,0.96,0.04
8268,1,0
8269,1,0
8270,1,0
8271,0.97,0.03
8272,0.95,0.05
8273,1,0
8274,0.96,0.04
8275,1,0
8276,0.98,0.02
8277,1,0
8278,0.77,0.23
8279,1,0
8280,0.87,0.13
8281,1,0
8282,0.9,0.1
8283,1,0
8284,0.87,0.13
8285,0.99,0.01
8286,0.91,0.09
8287,0.93,0.07
8288,0.96,0.04
8289,0.9,0.1
8290,1,0
8291,1,0
8292,1,0
8293,1,0
8294,0.99,0.01
8295,0.92,0.08
8296,0.98,0.02
8297,0.92,0.08
8298,0.99,0.01
8299,0.99,0.01
8300,1,0
8301,0.61,0.39
8302,1,0
8303,1,0
8304,0.97,0.03
8305,1,0
8306,1,0
8307,1,0
8308,0.92,0.08
8309,1,0
8310,0.68,0.32
8311,1,0
8312,1,0
8313,0.87,0.13
8314,0.99,0.01
8315,1,0
8316,1,0
8317,0.93,0.07
8318,1,0
8319,0.93,0.07
8320,1,0
8321,1,0
8322,0.98,0.02
8323,1,0
8324,1,0
8325,1,0
8326,0.93,0.07
8327,0.95,0.05
8328,1,0
8329,0.72,0.28
8330,0.95,0.05
8331,1,0
8332,0.99,0.01
8333,1,0
8334,1,0
8335,0.99,0.01
8336,0.97,0.03
8337,1,0
8338,1,0
8339,0.96,0.04
8340,1,0
8341,0.97,0.03
8342,1,0
8343,0.72,0.28
8344,1,0
8345,1,0
8346,1,0
8347,1,0
8348,0.89,0.11
8349,1,0
8350,0.97,0.03
8351,0.97,0.03
8352,0.95,0.05
8353,0.97,0.03
8354,1,0
8355,0.99,0.01
8356,1,0
8357,0.76,0.24
8358,1,0
8359,0.95,0.05
8360,1,0
8361,1,0
8362,1,0
8363,0.94,0.06
8364,0.9,0.1
8365,1,0
8366,0.81,0.19
8367,0.93,0.07
8368,1,0
8369,1,0
8370,0.94,0.06
8371,0.93,0.07
8372,1,0
8373,0.99,0.01
8374,1,0
8375,0.76,0.24
8376,1,0
8377,0.99,0.01
8378,0.86,0.14
8379,1,0
8380,0.97,0.03
8381,0.99,0.01
8382,1,0
8383,1,0
8384,0.95,0.05
8385,1,0
8386,0.95,0.05
8387,1,0
8388,1,0
8389,1,0
8390,1,0
8391,0.68,0.32
8392,1,0
8393,1,0
8394,0.7,0.3
8395,0.97,0.03
8396,0.99,0.01
8397,0.94,0.06
8398,1,0
8399,1,0
8400,0.72,0.28
8401,1,0
8402,0.99,0.01
8403,0.96,0.04
8404,0.97,0.03
8405,1,0
8406,1,0
8407,1,0
8408,1,0
8409,0.92,0.08
8410,0.98,0.02
8411,1,0
8412,1,0
8413,0.83,0.17
8414,1,0
8415,1,0
8416,0.92,0.08
8417,1,0
8418,0.68,0.32
8419,1,0
8420,1,0
8421,0.78,0.22
8422,1,0
8423,0.99,0.01
8424,1,0
8425,1,0
8426,1,0
8427,1,0
8428,0.82,0.18
8429,1,0
8430,1,0
8431,0.83,0.17
8432,0.62,0.38
8433,0.96,0.04
8434,0.99,0.01
8435,0.88,0.12
8436,1,0
8437,0.53,0.47
8438,1,0
8439,0.56,0.44
8440,1,0
8441,0.97,0.03
8442,1,0
8443,0.87,0.13
8444,0.89,0.11
8445,1,0
8446,0.72,0.28
8447,1,0
8448,0.99,0.01
8449,1,0
8450,0.91,0.09
8451,1,0
8452,0.97,0.03
8453,1,0
8454,0.99,0.01
8455,0.7,0.3
8456,1,0
8457,1,0
8458,0.94,0.06
8459,0.94,0.06
8460,1,0
8461,1,0
8462,0.84,0.16
8463,0.92,0.08
8464,1,0
8465,1,0
8466,1,0
8467,1,0
8468,1,0
8469,0.99,0.01
8470,1,0
8471,0.97,0.03
8472,1,0
8473,0.92,0.08
8474,0.99,0.01
8475,1,0
8476,0.96,0.04
8477,0.71,0.29
8478,0.79,0.21
8479,0.68,0.32
8480,0.96,0.04
8481,0.99,0.01
8482,1,0
8483,0.89,0.11
8484,1,0
8485,0.99,0.01
8486,1,0
8487,1,0
8488,1,0
8489,1,0
8490,1,0
8491,0.93,0.07
8492,1,0
8493,0.91,0.09
8494,1,0
8495,1,0
8496,0.99,0.01
8497,1,0
8498,1,0
8499,0.98,0.02
8500,0.89,0.11
8501,0.99,0.01
8502,0.99,0.01
8503,1,0
8504,1,0
8505,0.82,0.18
8506,0.94,0.06
8507,1,0
8508,0.98,0.02
8509,0.99,0.01
8510,1,0
8511,0.94,0.06
8512,1,0
8513,1,0
8514,0.99,0.01
8515,0.97,0.03
8516,1,0
8517,0.9,0.1
8518,0.95,0.05
8519,0.98,0.02
8520,1,0
8521,1,0
8522,0.98,0.02
8523,1,0
8524,0.91,0.09
8525,0.95,0.05
8526,1,0
8527,1,0
8528,0.73,0.27
8529,1,0
8530,0.76,0.24
8531,0.99,0.01
8532,1,0
8533,0.98,0.02
8534,1,0
8535,0.86,0.14
8536,0.89,0.11
8537,0.98,0.02
8538,1,0
8539,0.97,0.03
8540,0.98,0.02
8541,1,0
8542,1,0
8543,1,0
8544,0.99,0.01
8545,1,0
8546,1,0
8547,1,0
8548,0.92,0.08
8549,1,0
8550,1,0
8551,0.67,0.33
8552,1,0
8553,1,0
8554,1,0
8555,1,0
8556,1,0
8557,0.75,0.25
8558,1,0
8559,1,0
8560,1,0
8561,0.97,0.03
8562,1,0
8563,0.89,0.11
8564,1,0
8565,1,0
8566,0.91,0.09
8567,0.98,0.02
8568,0.98,0.02
8569,1,0
8570,1,0
8571,0.99,0.01
8572,0.41,0.59
8573,0.99,0.01
8574,1,0
8575,0.98,0.02
8576,1,0
8577,1,0
8578,0.99,0.01
8579,0.97,0.03
8580,1,0
8581,1,0
8582,1,0
8583,1,0
8584,1,0
8585,1,0
8586,1,0
8587,1,0
8588,1,0
8589,1,0
8590,1,0
8591,0.98,0.02
8592,0.93,0.07
8593,0.96,0.04
8594,0.96,0.04
8595,1,0
8596,1,0
8597,0.99,0.01
8598,0.99,0.01
8599,0.96,0.04
8600,0.99,0.01
8601,1,0
8602,0.49,0.51
8603,0.97,0.03
8604,1,0
8605,1,0
8606,1,0
8607,1,0
8608,1,0
8609,1,0
8610,1,0
8611,1,0
8612,1,0
8613,1,0
8614,0.73,0.27
8615,1,0
8616,0.98,0.02
8617,1,0
8618,0.97,0.03
8619,1,0
8620,1,0
8621,0.98,0.02
8622,0.69,0.31
8623,1,0
8624,0.96,0.04
8625,1,0
8626,1,0
8627,1,0
8628,1,0
8629,1,0
8630,0.96,0.04
8631,1,0
8632,0.87,0.13
8633,1,0
8634,0.67,0.33
8635,1,0
8636,1,0
8637,0.88,0.12
8638,1,0
8639,1,0
8640,1,0
8641,1,0
8642,1,0
8643,1,0
8644,0.94,0.06
8645,1,0
8646,0.9,0.1
8647,0.93,0.07
8648,1,0
8649,1,0
8650,1,0
8651,1,0
8652,1,0
8653,1,0
8654,0.98,0.02
8655,1,0
8656,1,0
8657,0.73,0.27
8658,1,0
8659,1,0
8660,1,0
8661,0.97,0.03
8662,1,0
8663,1,0
8664,1,0
8665,1,0
8666,1,0
8667,0.96,0.04
8668,1,0
8669,0.98,0.02
8670,0.73,0.27
8671,1,0
8672,1,0
8673,1,0
8674,1,0
8675,1,0
8676,1,0
8677,1,0
8678,1,0
8679,0.66,0.34
8680,0.99,0.01
8681,1,0
8682,0.69,0.31
8683,0.94,0.06
8684,1,0
8685,1,0
8686,1,0
8687,1,0
8688,1,0
8689,1,0
8690,0.99,0.01
8691,1,0
8692,1,0
8693,1,0
8694,0.99,0.01
8695,0.89,0.11
8696,0.91,0.09
8697,1,0
8698,1,0
8699,1,0
8700,0.88,0.12
8701,1,0
8702,0.97,0.03
8703,1,0
8704,0.99,0.01
8705,0.63,0.37
8706,1,0
8707,0.69,0.31
8708,1,0
8709,0.93,0.07
8710,1,0
8711,1,0
8712,0.98,0.02
8713,0.98,0.02
8714,0.97,0.03
8715,1,0
8716,0.99,0.01
8717,0.97,0.03
8718,0.99,0.01
8719,0.96,0.04
8720,0.99,0.01
8721,0.72,0.28
8722,0.98,0.02
8723,0.99,0.01
8724,0.99,0.01
8725,1,0
8726,1,0
8727,0.97,0.03
8728,0.98,0.02
8729,0.96,0.04
8730,1,0
8731,0.98,0.02
8732,0.98,0.02
8733,1,0
8734,1,0
8735,0.98,0.02
8736,1,0
8737,1,0
8738,0.83,0.17
8739,0.9,0.1
8740,1,0
8741,1,0
8742,0.98,0.02
8743,1,0
8744,1,0
8745,0.96,0.04
8746,0.69,0.31
8747,1,0
8748,1,0
8749,0.95,0.05
8750,1,0
8751,0.99,0.01
8752,1,0
8753,1,0
8754,0.99,0.01
8755,1,0
8756,0.98,0.02
8757,1,0
8758,0.99,0.01
8759,1,0
8760,0.84,0.16
8761,1,0
8762,1,0
8763,0.81,0.19
8764,1,0
8765,1,0
8766,0.94,0.06
8767,1,0
8768,1,0
8769,1,0
8770,0.98,0.02
8771,0.92,0.08
8772,1,0
8773,0.69,0.31
8774,1,0
8775,1,0
8776,1,0
8777,0.95,0.05
8778,0.95,0.05
8779,0.99,0.01
8780,1,0
8781,1,0
8782,1,0
8783,1,0
8784,1,0
8785,0.96,0.04
8786,1,0
8787,0.99,0.01
8788,1,0
8789,0.94,0.06
8790,0.91,0.09
8791,0.99,0.01
8792,0.86,0.14
8793,1,0
8794,0.95,0.05
8795,0.86,0.14
8796,1,0
8797,0.69,0.31
8798,1,0
8799,1,0
8800,1,0
8801,0.81,0.19
8802,1,0
8803,1,0
8804,1,0
8805,0.84,0.16
8806,0.93,0.07
8807,1,0
8808,0.99,0.01
8809,1,0
8810,1,0
8811,1,0
8812,1,0
8813,1,0
8814,1,0
8815,1,0
8816,0.89,0.11
8817,0.87,0.13
8818,0.97,0.03
8819,0.87,0.13
8820,0.39,0.61
8821,1,0
8822,1,0
8823,1,0
8824,1,0
8825,1,0
8826,1,0
8827,0.9,0.1
8828,0.51,0.49
8829,1,0
8830,1,0
8831,1,0
8832,1,0
8833,1,0
8834,1,0
8835,0.8,0.2
8836,1,0
8837,1,0
8838,0.96,0.04
8839,0.95,0.05
8840,1,0
8841,0.82,0.18
8842,1,0
8843,0.98,0.02
8844,1,0
8845,0.97,0.03
8846,0.96,0.04
8847,0.98,0.02
8848,1,0
8849,1,0
8850,0.95,0.05
8851,1,0
8852,1,0
8853,0.99,0.01
8854,0.82,0.18
8855,0.85,0.15
8856,0.88,0.12
8857,1,0
8858,1,0
8859,0.94,0.06
8860,1,0
8861,1,0
8862,0.87,0.13
8863,0.99,0.01
8864,1,0
8865,1,0
8866,1,0
8867,1,0
8868,1,0
8869,1,0
8870,1,0
8871,1,0
8872,1,0
8873,0.97,0.03
8874,1,0
8875,1,0
8876,1,0
8877,1,0
8878,1,0
8879,0.99,0.01
8880,1,0
8881,1,0
8882,1,0
8883,0.96,0.04
8884,1,0
8885,0.94,0.06
8886,1,0
8887,0.99,0.01
8888,1,0
8889,1,0
8890,1,0
8891,0.86,0.14
8892,1,0
8893,0.88,0.12
8894,1,0
8895,1,0
8896,1,0
8897,0.99,0.01
8898,0.99,0.01
8899,1,0
8900,0.97,0.03
8901,0.9,0.1
8902,0.98,0.02
8903,1,0
8904,1,0
8905,0.96,0.04
8906,0.88,0.12
8907,1,0
8908,1,0
8909,0.93,0.07
8910,1,0
8911,0.99,0.01
8912,0.97,0.03
8913,1,0
8914,0.99,0.01
8915,0.97,0.03
8916,0.98,0.02
8917,0.95,0.05
8918,1,0
8919,1,0
8920,1,0
8921,1,0
8922,1,0
8923,1,0
8924,1,0
8925,1,0
8926,0.98,0.02
8927,0.91,0.09
8928,0.99,0.01
8929,0.98,0.02
8930,0.99,0.01
8931,0.81,0.19
8932,1,0
8933,0.86,0.14
8934,1,0
8935,1,0
8936,1,0
8937,0.99,0.01
8938,1,0
8939,0.98,0.02
8940,0.94,0.06
8941,0.95,0.05
8942,0.97,0.03
8943,1,0
8944,1,0
8945,0.95,0.05
8946,0.99,0.01
8947,0.97,0.03
8948,1,0
8949,0.76,0.24
8950,0.84,0.16
8951,1,0
8952,0.98,0.02
8953,0.91,0.09
8954,0.99,0.01
8955,1,0
8956,0.86,0.14
8957,1,0
8958,1,0
8959,1,0
8960,1,0
8961,1,0
8962,0.89,0.11
8963,0.99,0.01
8964,0.98,0.02
8965,0.98,0.02
8966,0.98,0.02
8967,1,0
8968,1,0
8969,0.97,0.03
8970,1,0
8971,0.93,0.07
8972,1,0
8973,1,0
8974,1,0
8975,0.93,0.07
8976,1,0
8977,0.97,0.03
8978,0.99,0.01
8979,0.95,0.05
8980,1,0
8981,1,0
8982,1,0
8983,0.93,0.07
8984,1,0
8985,0.98,0.02
8986,1,0
8987,0.98,0.02
8988,0.71,0.29
8989,0.97,0.03
8990,0.94,0.06
8991,0.95,0.05
8992,0.92,0.08
8993,0.99,0.01
8994,0.9,0.1
8995,0.99,0.01
8996,1,0
8997,1,0
8998,0.99,0.01
8999,0.99,0.01
9000,1,0
9001,0.99,0.01
9002,1,0
9003,1,0
9004,0.97,0.03
9005,0.86,0.14
9006,1,0
9007,1,0
9008,1,0
9009,1,0
9010,0.87,0.13
9011,1,0
9012,1,0
9013,0.98,0.02
9014,1,0
9015,0.95,0.05
9016,1,0
9017,0.85,0.15
9018,1,0
9019,1,0
9020,1,0
9021,1,0
9022,1,0
9023,1,0
9024,1,0
9025,1,0
9026,0.97,0.03
9027,1,0
9028,0.97,0.03
9029,1,0
9030,1,0
9031,1,0
9032,0.99,0.01
9033,0.92,0.08
9034,0.97,0.03
9035,0.99,0.01
9036,1,0
9037,0.95,0.05
9038,1,0
9039,1,0
9040,1,0
9041,0.99,0.01
9042,1,0
9043,1,0
9044,0.99,0.01
9045,1,0
9046,0.99,0.01
9047,0.93,0.07
9048,0.8,0.2
9049,1,0
9050,1,0
9051,1,0
9052,0.99,0.01
9053,1,0
9054,0.98,0.02
9055,0.93,0.07
9056,1,0
9057,0.98,0.02
9058,1,0
9059,1,0
9060,1,0
9061,1,0
9062,1,0
9063,0.69,0.31
9064,0.96,0.04
9065,0.76,0.24
9066,1,0
9067,0.9,0.1
9068,0.72,0.28
9069,1,0
9070,1,0
9071,1,0
9072,0.99,0.01
9073,1,0
9074,0.98,0.02
9075,0.99,0.01
9076,1,0
9077,0.96,0.04
9078,0.98,0.02
9079,1,0
9080,1,0
9081,1,0
9082,0.98,0.02
9083,1,0
9084,0.96,0.04
9085,0.97,0.03
9086,1,0
9087,0.99,0.01
9088,0.98,0.02
9089,0.7,0.3
9090,1,0
9091,0.96,0.04
9092,0.92,0.08
9093,1,0
9094,0.82,0.18
9095,0.99,0.01
9096,0.93,0.07
9097,0.91,0.09
9098,0.88,0.12
9099,1,0
9100,0.98,0.02
9101,0.99,0.01
9102,0.91,0.09
9103,1,0
9104,0.96,0.04
9105,0.97,0.03
9106,1,0
9107,0.98,0.02
9108,1,0
9109,1,0
9110,0.99,0.01
9111,1,0
9112,0.95,0.05
9113,0.99,0.01
9114,1,0
9115,0.94,0.06
9116,0.96,0.04
9117,0.99,0.01
9118,0.99,0.01
9119,0.98,0.02
9120,1,0
9121,0.98,0.02
9122,0.98,0.02
9123,0.99,0.01
9124,1,0
9125,1,0
9126,0.93,0.07
9127,0.96,0.04
9128,0.95,0.05
9129,1,0
9130,0.98,0.02
9131,0.7,0.3
9132,1,0
9133,0.99,0.01
9134,0.52,0.48
9135,0.99,0.01
9136,1,0
9137,0.99,0.01
9138,1,0
9139,1,0
9140,0.95,0.05
9141,0.99,0.01
9142,0.97,0.03
9143,1,0
9144,0.99,0.01
9145,0.99,0.01
9146,1,0
9147,1,0
9148,0.85,0.15
9149,1,0
9150,0.97,0.03
9151,1,0
9152,0.97,0.03
9153,0.99,0.01
9154,0.98,0.02
9155,1,0
9156,0.99,0.01
9157,1,0
9158,1,0
9159,1,0
9160,1,0
9161,1,0
9162,1,0
9163,1,0
9164,0.79,0.21
9165,0.98,0.02
9166,1,0
9167,1,0
9168,1,0
9169,1,0
9170,1,0
9171,0.98,0.02
9172,0.95,0.05
9173,0.99,0.01
9174,0.94,0.06
9175,0.94,0.06
9176,1,0
9177,1,0
9178,0.93,0.07
9179,1,0
9180,0.97,0.03
9181,1,0
9182,1,0
9183,0.98,0.02
9184,1,0
9185,1,0
9186,0.98,0.02
9187,1,0
9188,0.91,0.09
9189,0.79,0.21
9190,1,0
9191,1,0
9192,0.98,0.02
9193,1,0
9194,1,0
9195,0.96,0.04
9196,0.98,0.02
9197,1,0
9198,1,0
9199,0.95,0.05
9200,0.98,0.02
9201,1,0
9202,1,0
9203,1,0
9204,1,0
9205,1,0
9206,1,0
9207,1,0
9208,0.86,0.14
9209,1,0
9210,0.97,0.03
9211,0.91,0.09
9212,1,0
9213,1,0
9214,0.87,0.13
9215,1,0
9216,0.98,0.02
9217,1,0
9218,0.93,0.07
9219,1,0
9220,1,0
9221,1,0
9222,1,0
9223,0.85,0.15
9224,1,0
9225,1,0
9226,0.96,0.04
9227,1,0
9228,0.92,0.08
9229,1,0
9230,0.94,0.06
9231,1,0
9232,1,0
9233,0.83,0.17
9234,1,0
9235,0.97,0.03
9236,0.99,0.01
9237,1,0
9238,1,0
9239,1,0
9240,1,0
9241,0.97,0.03
9242,1,0
9243,0.98,0.02
9244,0.91,0.09
9245,1,0
9246,0.83,0.17
9247,1,0
9248,0.98,0.02
9249,1,0
9250,0.88,0.12
9251,1,0
9252,1,0
9253,1,0
9254,0.93,0.07
9255,1,0
9256,0.8,0.2
9257,1,0
9258,1,0
9259,1,0
9260,1,0
9261,0.98,0.02
9262,1,0
9263,1,0
9264,1,0
9265,1,0
9266,1,0
9267,1,0
9268,0.93,0.07
9269,0.86,0.14
9270,0.99,0.01
9271,1,0
9272,0.95,0.05
9273,0.93,0.07
9274,0.99,0.01
9275,0.71,0.29
9276,0.96,0.04
9277,0.94,0.06
9278,1,0
9279,0.99,0.01
9280,1,0
9281,1,0
9282,1,0
9283,0.72,0.28
9284,1,0
9285,0.99,0.01
9286,1,0
9287,0.99,0.01
9288,0.99,0.01
9289,1,0
9290,1,0
9291,1,0
9292,1,0
9293,1,0
9294,0.8,0.2
9295,1,0
9296,1,0
9297,0.99,0.01
9298,1,0
9299,1,0
9300,0.98,0.02
9301,1,0
9302,1,0
9303,1,0
9304,0.88,0.12
9305,0.99,0.01
9306,1,0
9307,1,0
9308,0.99,0.01
9309,1,0
9310,1,0
9311,1,0
9312,1,0
9313,1,0
9314,0.97,0.03
9315,1,0
9316,0.94,0.06
9317,0.99,0.01
9318,1,0
9319,0.97,0.03
9320,0.93,0.07
9321,0.95,0.05
9322,1,0
9323,1,0
9324,0.93,0.07
9325,0.97,0.03
9326,1,0
9327,0.97,0.03
9328,1,0
9329,0.97,0.03
9330,0.96,0.04
9331,0.96,0.04
9332,0.98,0.02
9333,1,0
9334,1,0
9335,1,0
9336,1,0
9337,1,0
9338,1,0
9339,1,0
9340,1,0
9341,1,0
9342,0.99,0.01
9343,0.91,0.09
9344,1,0
9345,0.96,0.04
9346,0.99,0.01
9347,1,0
9348,1,0
9349,1,0
9350,1,0
9351,1,0
9352,0.97,0.03
9353,1,0
9354,0.97,0.03
9355,1,0
9356,0.91,0.09
9357,1,0
9358,0.9,0.1
9359,0.93,0.07
9360,0.72,0.28
9361,1,0
9362,1,0
9363,1,0
9364,0.89,0.11
9365,1,0
9366,1,0
9367,0.99,0.01
9368,0.98,0.02
9369,1,0
9370,1,0
9371,1,0
9372,0.98,0.02
9373,1,0
9374,0.68,0.32
9375,1,0
9376,1,0
9377,1,0
9378,1,0
9379,0.96,0.04
9380,0.66,0.34
9381,0.97,0.03
9382,1,0
9383,0.99,0.01
9384,1,0
9385,1,0
9386,0.75,0.25
9387,0.98,0.02
9388,1,0
9389,1,0
9390,1,0
9391,1,0
9392,1,0
9393,1,0
9394,1,0
9395,1,0
9396,1,0
9397,0.87,0.13
9398,0.98,0.02
9399,1,0
9400,1,0
9401,1,0
9402,0.94,0.06
9403,0.97,0.03
9404,1,0
9405,0.99,0.01
9406,1,0
9407,1,0
9408,1,0
9409,0.99,0.01
9410,0.99,0.01
9411,0.64,0.36
9412,1,0
9413,1,0
9414,0.93,0.07
9415,0.8,0.2
9416,1,0
9417,1,0
9418,1,0
9419,0.99,0.01
9420,0.86,0.14
9421,1,0
9422,1,0
9423,1,0
9424,0.98,0.02
9425,0.91,0.09
9426,0.74,0.26
9427,1,0
9428,1,0
9429,1,0
9430,1,0
9431,0.6,0.4
9432,1,0
9433,1,0
9434,1,0
9435,1,0
9436,1,0
9437,0.96,0.04
9438,1,0
9439,1,0
9440,1,0
9441,0.98,0.02
9442,1,0
9443,0.84,0.16
9444,1,0
9445,0.56,0.44
9446,1,0
9447,0.98,0.02
9448,1,0
9449,0.98,0.02
9450,1,0
9451,1,0
9452,1,0
9453,1,0
9454,1,0
9455,1,0
9456,1,0
9457,1,0
9458,0.97,0.03
9459,0.7,0.3
9460,1,0
9461,0.93,0.07
9462,0.99,0.01
9463,0.99,0.01
9464,1,0
9465,1,0
9466,1,0
9467,1,0
9468,0.99,0.01
9469,1,0
9470,1,0
9471,0.93,0.07
9472,1,0
9473,1,0
9474,0.91,0.09
9475,0.82,0.18
9476,1,0
9477,1,0
9478,0.99,0.01
9479,1,0
9480,0.98,0.02
9481,0.97,0.03
9482,0.98,0.02
9483,0.97,0.03
9484,1,0
9485,1,0
9486,0.87,0.13
9487,1,0
9488,0.48,0.52
9489,1,0
9490,0.99,0.01
9491,0.87,0.13
9492,1,0
9493,1,0
9494,1,0
9495,0.93,0.07
9496,0.97,0.03
9497,0.99,0.01
9498,0.95,0.05
9499,0.71,0.29
9500,0.87,0.13
9501,1,0
9502,1,0
9503,1,0
9504,0.86,0.14
9505,1,0
9506,1,0
9507,1,0
9508,0.72,0.28
9509,1,0
9510,1,0
9511,0.98,0.02
9512,0.97,0.03
9513,1,0
9514,0.61,0.39
9515,1,0
9516,1,0
9517,1,0
9518,1,0
9519,1,0
9520,0.95,0.05
9521,1,0
9522,0.87,0.13
9523,1,0
9524,0.59,0.41
9525,1,0
9526,1,0
9527,0.9,0.1
9528,1,0
9529,0.99,0.01
9530,1,0
9531,0.83,0.17
9532,1,0
9533,0.8,0.2
9534,1,0
9535,1,0
9536,0.99,0.01
9537,0.99,0.01
9538,1,0
9539,0.99,0.01
9540,0.98,0.02
9541,0.99,0.01
9542,0.66,0.34
9543,1,0
9544,0.94,0.06
9545,0.99,0.01
9546,0.69,0.31
9547,0.71,0.29
9548,0.99,0.01
9549,1,0
9550,1,0
9551,0.98,0.02
9552,0.97,0.03
9553,0.9,0.1
9554,0.96,0.04
9555,0.88,0.12
9556,0.89,0.11
9557,0.78,0.22
9558,1,0
9559,0.85,0.15
9560,0.94,0.06
9561,0.99,0.01
9562,1,0
9563,0.91,0.09
9564,1,0
9565,0.96,0.04
9566,1,0
9567,0.98,0.02
9568,1,0
9569,0.76,0.24
9570,0.97,0.03
9571,0.97,0.03
9572,1,0
9573,0.81,0.19
9574,0.88,0.12
9575,1,0
9576,1,0
9577,1,0
9578,1,0
9579,1,0
9580,1,0
9581,0.97,0.03
9582,1,0
9583,0.82,0.18
9584,0.93,0.07
9585,0.96,0.04
9586,1,0
9587,1,0
9588,0.95,0.05
9589,1,0
9590,1,0
9591,0.92,0.08
9592,1,0
9593,0.99,0.01
9594,1,0
9595,1,0
9596,0.74,0.26
9597,1,0
9598,0.98,0.02
9599,0.96,0.04
9600,1,0
9601,0.99,0.01
9602,1,0
9603,0.98,0.02
9604,1,0
9605,1,0
9606,1,0
9607,0.97,0.03
9608,0.88,0.12
9609,1,0
9610,1,0
9611,1,0
9612,0.98,0.02
9613,1,0
9614,0.86,0.14
9615,0.99,0.01
9616,1,0
9617,0.97,0.03
9618,0.99,0.01
9619,0.98,0.02
9620,0.9,0.1
9621,1,0
9622,1,0
9623,0.96,0.04
9624,1,0
9625,1,0
9626,1,0
9627,0.99,0.01
9628,0.93,0.07
9629,1,0
9630,1,0
9631,0.78,0.22
9632,1,0
9633,1,0
9634,1,0
9635,1,0
9636,0.69,0.31
9637,1,0
9638,1,0
9639,1,0
9640,0.93,0.07
9641,1,0
9642,0.99,0.01
9643,1,0
9644,1,0
9645,1,0
9646,0.77,0.23
9647,0.98,0.02
9648,0.98,0.02
9649,1,0
9650,0.98,0.02
9651,0.98,0.02
9652,1,0
9653,1,0
9654,1,0
9655,1,0
9656,1,0
9657,1,0
9658,0.55,0.45
9659,0.96,0.04
9660,0.99,0.01
9661,1,0
9662,0.87,0.13
9663,1,0
9664,0.9,0.1
9665,0.98,0.02
9666,1,0
9667,0.99,0.01
9668,1,0
9669,1,0
9670,0.99,0.01
9671,0.88,0.12
9672,1,0
9673,0.98,0.02
9674,1,0
9675,0.93,0.07
9676,1,0
9677,0.93,0.07
9678,0.99,0.01
9679,0.87,0.13
9680,1,0
9681,1,0
9682,0.99,0.01
9683,0.88,0.12
9684,1,0
9685,1,0
9686,1,0
9687,0.96,0.04
9688,1,0
9689,1,0
9690,1,0
9691,0.91,0.09
9692,1,0
9693,1,0
9694,0.97,0.03
9695,1,0
9696,0.97,0.03
9697,0.99,0.01
9698,1,0
9699,0.93,0.07
9700,1,0
9701,0.95,0.05
9702,1,0
9703,0.96,0.04
9704,1,0
9705,0.97,0.03
9706,1,0
9707,0.99,0.01
9708,0.97,0.03
9709,0.98,0.02
9710,1,0
9711,0.96,0.04
9712,0.91,0.09
9713,1,0
9714,1,0
9715,1,0
9716,1,0
9717,1,0
9718,1,0
9719,0.7,0.3
9720,1,0
9721,0.95,0.05
9722,1,0
9723,1,0
9724,0.98,0.02
9725,1,0
9726,1,0
9727,0.98,0.02
9728,0.46,0.54
9729,0.94,0.06
9730,1,0
9731,1,0
9732,1,0
9733,1,0
9734,1,0
9735,0.96,0.04
9736,0.98,0.02
9737,0.93,0.07
9738,0.99,0.01
9739,0.96,0.04
9740,1,0
9741,1,0
9742,1,0
9743,0.99,0.01
9744,0.97,0.03
9745,1,0
9746,0.98,0.02
9747,0.73,0.27
9748,0.93,0.07
9749,0.97,0.03
9750,0.93,0.07
9751,1,0
9752,0.99,0.01
9753,1,0
9754,1,0
9755,1,0
9756,1,0
9757,1,0
9758,1,0
9759,1,0
9760,1,0
9761,0.88,0.12
9762,1,0
9763,0.84,0.16
9764,1,0
9765,0.98,0.02
9766,0.81,0.19
9767,1,0
9768,1,0
9769,1,0
9770,1,0
9771,1,0
9772,1,0
9773,0.99,0.01
9774,0.99,0.01
9775,0.99,0.01
9776,0.98,0.02
9777,0.98,0.02
9778,0.76,0.24
9779,1,0
9780,1,0
9781,1,0
9782,0.9,0.1
9783,0.88,0.12
9784,0.98,0.02
9785,1,0
9786,1,0
9787,1,0
9788,1,0
9789,0.94,0.06
9790,1,0
9791,1,0
9792,1,0
9793,1,0
9794,1,0
9795,1,0
9796,0.74,0.26
9797,1,0
9798,1,0
9799,1,0
9800,1,0
9801,1,0
9802,0.97,0.03
9803,1,0
9804,1,0
9805,0.98,0.02
9806,0.99,0.01
9807,0.99,0.01
9808,0.91,0.09
9809,0.96,0.04
9810,0.65,0.35
9811,1,0
9812,1,0
9813,1,0
9814,1,0
9815,1,0
9816,0.95,0.05
9817,0.94,0.06
9818,1,0
9819,0.99,0.01
9820,0.99,0.01
9821,0.99,0.01
9822,0.97,0.03
9823,0.92,0.08
9824,0.87,0.13
9825,0.77,0.23
9826,0.97,0.03
9827,0.97,0.03
9828,1,0
9829,1,0
9830,0.98,0.02
9831,1,0
9832,1,0
9833,0.98,0.02
9834,0.98,0.02
9835,0.97,0.03
9836,1,0
9837,1,0
9838,1,0
9839,0.86,0.14
9840,1,0
9841,1,0
9842,0.84,0.16
9843,1,0
9844,1,0
9845,0.94,0.06
9846,0.98,0.02
9847,1,0
9848,0.93,0.07
9849,1,0
9850,1,0
9851,1,0
9852,0.99,0.01
9853,1,0
9854,1,0
9855,1,0
9856,0.99,0.01
9857,0.88,0.12
9858,0.98,0.02
9859,0.94,0.06
9860,0.99,0.01
9861,0.94,0.06
9862,1,0
9863,0.99,0.01
9864,1,0
9865,1,0
9866,1,0
9867,1,0
9868,1,0
9869,0.76,0.24
9870,1,0
9871,0.99,0.01
9872,0.65,0.35
9873,0.96,0.04
9874,0.97,0.03
9875,1,0
9876,1,0
9877,0.99,0.01
9878,1,0
9879,1,0
9880,1,0
9881,1,0
9882,1,0
9883,0.99,0.01
9884,1,0
9885,1,0
9886,0.85,0.15
9887,0.92,0.08
9888,0.99,0.01
9889,1,0
9890,0.98,0.02
9891,1,0
9892,0.99,0.01
9893,1,0
9894,1,0
9895,1,0
9896,1,0
9897,0.96,0.04
9898,1,0
9899,1,0
9900,1,0
9901,0.99,0.01
9902,1,0
9903,1,0
9904,1,0
9905,1,0
9906,1,0
9907,0.96,0.04
9908,0.63,0.37
9909,0.89,0.11
9910,1,0
9911,1,0
9912,1,0
9913,0.99,0.01
9914,1,0
9915,1,0
9916,1,0
9917,0.94,0.06
9918,1,0
9919,0.91,0.09
9920,1,0
9921,1,0
9922,1,0
9923,0.95,0.05
9924,1,0
9925,1,0
9926,1,0
9927,0.98,0.02
9928,0.76,0.24
9929,0.99,0.01
9930,0.85,0.15
9931,1,0
9932,0.99,0.01
9933,0.76,0.24
9934,1,0
9935,0.99,0.01
9936,0.84,0.16
9937,1,0
9938,0.95,0.05
9939,0.89,0.11
9940,0.96,0.04
9941,0.99,0.01
9942,0.94,0.06
9943,0.99,0.01
9944,1,0
9945,1,0
9946,1,0
9947,1,0
9948,0.97,0.03
9949,1,0
9950,0.65,0.35
9951,1,0
9952,1,0
9953,0.98,0.02
9954,1,0
9955,0.99,0.01
9956,1,0
9957,1,0
9958,1,0
9959,1,0
9960,1,0
9961,1,0
9962,0.99,0.01
9963,1,0
9964,1,0
9965,1,0
9966,1,0
9967,1,0
9968,0.84,0.16
9969,0.85,0.15
9970,1,0
9971,1,0
9972,1,0
9973,0.8,0.2
9974,0.99,0.01
9975,0.8,0.2
9976,1,0
9977,0.76,0.24
9978,0.9,0.1
9979,1,0
9980,1,0
9981,1,0
9982,1,0
9983,1,0
9984,1,0
9985,0.87,0.13
9986,0.98,0.02
9987,0.99,0.01
9988,1,0
9989,1,0
9990,1,0
9991,1,0
9992,0.98,0.02
9993,0.98,0.02
9994,1,0
9995,1,0
9996,0.98,0.02
9997,0.86,0.14
9998,0.93,0.07
9999,1,0
10000,0.93,0.07
10001,1,0
10002,0.95,0.05
10003,1,0
10004,0.96,0.04
10005,1,0
10006,0.96,0.04
10007,0.97,0.03
10008,0.98,0.02
10009,1,0
10010,0.82,0.18
10011,0.8,0.2
10012,1,0
10013,0.98,0.02
10014,0.97,0.03
10015,0.93,0.07
10016,0.73,0.27
10017,0.91,0.09
10018,0.99,0.01
10019,1,0
10020,1,0
10021,0.94,0.06
10022,1,0
10023,1,0
10024,1,0
10025,0.99,0.01
10026,1,0
10027,1,0
10028,1,0
10029,0.99,0.01
10030,1,0
10031,1,0
10032,0.98,0.02
10033,0.81,0.19
10034,1,0
10035,1,0
10036,0.99,0.01
10037,1,0
10038,0.98,0.02
10039,0.87,0.13
10040,1,0
10041,1,0
10042,1,0
10043,1,0
10044,1,0
10045,1,0
10046,0.93,0.07
10047,1,0
10048,0.95,0.05
10049,1,0
10050,0.79,0.21
10051,1,0
10052,1,0
10053,0.98,0.02
10054,0.99,0.01
10055,0.97,0.03
10056,0.86,0.14
10057,1,0
10058,1,0
10059,1,0
10060,1,0
10061,0.98,0.02
10062,1,0
10063,1,0
10064,1,0
10065,0.99,0.01
10066,1,0
10067,1,0
10068,1,0
10069,1,0
10070,0.78,0.22
10071,0.97,0.03
10072,0.99,0.01
10073,1,0
10074,0.99,0.01
10075,0.91,0.09
10076,1,0
10077,1,0
10078,1,0
10079,1,0
10080,0.79,0.21
10081,0.94,0.06
10082,1,0
10083,1,0
10084,1,0
10085,1,0
10086,1,0
10087,1,0
10088,0.98,0.02
10089,1,0
10090,1,0
10091,1,0
10092,1,0
10093,1,0
10094,0.99,0.01
10095,1,0
10096,0.98,0.02
10097,1,0
10098,0.98,0.02
10099,0.95,0.05
10100,1,0
10101,0.66,0.34
10102,1,0
10103,1,0
10104,1,0
10105,1,0
10106,1,0
10107,0.97,0.03
10108,0.95,0.05
10109,0.99,0.01
10110,0.88,0.12
10111,0.86,0.14
10112,0.93,0.07
10113,1,0
10114,0.99,0.01
10115,0.99,0.01
10116,0.97,0.03
10117,1,0
10118,1,0
10119,0.98,0.02
10120,0.97,0.03
10121,0.84,0.16
10122,0.88,0.12
10123,0.99,0.01
10124,1,0
10125,0.94,0.06
10126,0.99,0.01
10127,0.97,0.03
10128,1,0
10129,0.87,0.13
10130,0.97,0.03
10131,1,0
10132,1,0
10133,0.99,0.01
10134,0.96,0.04
10135,0.99,0.01
10136,0.99,0.01
10137,0.9,0.1
10138,0.94,0.06
10139,1,0
10140,1,0
10141,1,0
10142,1,0
10143,0.72,0.28
10144,1,0
10145,0.85,0.15
10146,1,0
10147,1,0
10148,1,0
10149,0.99,0.01
10150,1,0
10151,0.89,0.11
10152,1,0
10153,0.97,0.03
10154,0.53,0.47
10155,0.8,0.2
10156,1,0
10157,1,0
10158,1,0
10159,0.99,0.01
10160,1,0
10161,0.99,0.01
10162,1,0
10163,0.99,0.01
10164,1,0
10165,1,0
10166,1,0
10167,1,0
10168,1,0
10169,1,0
10170,0.97,0.03
10171,0.98,0.02
10172,0.92,0.08
10173,0.98,0.02
10174,1,0
10175,0.96,0.04
10176,0.64,0.36
10177,0.96,0.04
10178,0.97,0.03
10179,1,0
10180,0.84,0.16
10181,1,0
10182,1,0
10183,0.99,0.01
10184,0.72,0.28
10185,0.96,0.04
10186,1,0
10187,0.98,0.02
10188,0.99,0.01
10189,1,0
10190,0.91,0.09
10191,1,0
10192,1,0
10193,1,0
10194,0.99,0.01
10195,0.97,0.03
10196,1,0
10197,0.99,0.01
10198,1,0
10199,1,0
10200,1,0
10201,0.99,0.01
10202,0.92,0.08
10203,1,0
10204,1,0
10205,0.93,0.07
10206,0.76,0.24
10207,1,0
10208,1,0
10209,1,0
10210,1,0
10211,0.7,0.3
10212,0.98,0.02
10213,0.99,0.01
10214,0.98,0.02
10215,1,0
10216,1,0
10217,1,0
10218,0.96,0.04
10219,1,0
10220,0.99,0.01
10221,1,0
10222,0.95,0.05
10223,0.88,0.12
10224,1,0
10225,1,0
10226,0.99,0.01
10227,1,0
10228,1,0
10229,1,0
10230,0.8,0.2
10231,1,0
10232,0.92,0.08
10233,0.79,0.21
10234,0.33,0.67
10235,0.99,0.01
10236,0.92,0.08
10237,0.98,0.02
10238,1,0
10239,1,0
10240,0.98,0.02
10241,0.97,0.03
10242,0.99,0.01
10243,1,0
10244,0.99,0.01
10245,0.96,0.04
10246,0.99,0.01
10247,1,0
10248,1,0
10249,0.98,0.02
10250,1,0
10251,0.88,0.12
10252,1,0
10253,1,0
10254,1,0
10255,0.95,0.05
10256,0.98,0.02
10257,1,0
10258,0.96,0.04
10259,1,0
10260,1,0
10261,0.99,0.01
10262,0.96,0.04
10263,1,0
10264,0.8,0.2
10265,1,0
10266,1,0
10267,1,0
10268,1,0
10269,1,0
10270,1,0
10271,0.99,0.01
10272,1,0
10273,1,0
10274,1,0
10275,1,0
10276,1,0
10277,0.82,0.18
10278,1,0
10279,1,0
10280,0.85,0.15
10281,0.99,0.01
10282,0.88,0.12
10283,1,0
10284,1,0
10285,0.99,0.01
10286,0.98,0.02
10287,1,0
10288,1,0
10289,1,0
10290,0.95,0.05
10291,1,0
10292,0.97,0.03
10293,1,0
10294,1,0
10295,1,0
10296,1,0
10297,1,0
10298,1,0
10299,1,0
10300,0.99,0.01
10301,0.91,0.09
10302,1,0
10303,1,0
10304,1,0
10305,0.99,0.01
10306,0.94,0.06
10307,1,0
10308,0.99,0.01
10309,1,0
10310,0.98,0.02
10311,0.88,0.12
10312,1,0
10313,1,0
10314,0.97,0.03
10315,1,0
10316,1,0
10317,1,0
10318,1,0
10319,1,0
10320,0.91,0.09
10321,1,0
10322,0.99,0.01
10323,1,0
10324,1,0
10325,0.98,0.02
10326,0.96,0.04
10327,0.99,0.01
10328,0.95,0.05
10329,0.98,0.02
10330,1,0
10331,0.95,0.05
10332,1,0
10333,0.98,0.02
10334,1,0
10335,0.99,0.01
10336,0.99,0.01
10337,1,0
10338,1,0
10339,0.96,0.04
10340,1,0
10341,1,0
10342,0.85,0.15
10343,1,0
10344,1,0
10345,1,0
10346,1,0
10347,0.6,0.4
10348,0.91,0.09
10349,0.63,0.37
10350,1,0
10351,1,0
10352,1,0
10353,0.99,0.01
10354,0.93,0.07
10355,0.95,0.05
10356,1,0
10357,1,0
10358,1,0
10359,0.99,0.01
10360,1,0
10361,0.99,0.01
10362,1,0
10363,1,0
10364,1,0
10365,1,0
10366,1,0
10367,1,0
10368,0.96,0.04
10369,0.63,0.37
10370,1,0
10371,1,0
10372,1,0
10373,1,0
10374,0.98,0.02
10375,0.98,0.02
10376,1,0
10377,1,0
10378,0.99,0.01
10379,1,0
10380,0.95,0.05
10381,0.96,0.04
10382,0.93,0.07
10383,0.96,0.04
10384,0.96,0.04
10385,0.98,0.02
10386,1,0
10387,0.98,0.02
10388,1,0
10389,1,0
10390,1,0
10391,1,0
10392,0.97,0.03
10393,1,0
10394,0.99,0.01
10395,1,0
10396,1,0
10397,1,0
10398,1,0
10399,1,0
10400,0.86,0.14
10401,0.86,0.14
10402,1,0
10403,1,0
10404,1,0
10405,1,0
10406,0.99,0.01
10407,0.98,0.02
10408,0.48,0.52
10409,1,0
10410,0.99,0.01
10411,0.99,0.01
10412,0.99,0.01
10413,0.9,0.1
10414,0.72,0.28
10415,1,0
10416,0.96,0.04
10417,0.99,0.01
10418,0.96,0.04
10419,1,0
10420,0.98,0.02
10421,1,0
10422,0.99,0.01
10423,0.98,0.02
10424,1,0
10425,1,0
10426,0.98,0.02
10427,1,0
10428,0.64,0.36
10429,0.89,0.11
10430,0.99,0.01
10431,1,0
10432,0.85,0.15
10433,0.91,0.09
10434,0.99,0.01
10435,1,0
10436,1,0
10437,0.99,0.01
10438,0.99,0.01
10439,0.96,0.04
10440,1,0
10441,0.99,0.01
10442,1,0
10443,0.85,0.15
10444,0.97,0.03
10445,0.46,0.54
10446,0.99,0.01
10447,1,0
10448,0.99,0.01
10449,1,0
10450,0.99,0.01
10451,1,0
10452,1,0
10453,1,0
10454,1,0
10455,1,0
10456,1,0
10457,1,0
10458,0.85,0.15
10459,0.98,0.02
10460,1,0
10461,0.98,0.02
10462,1,0
10463,0.97,0.03
10464,0.97,0.03
10465,1,0
10466,1,0
10467,0.95,0.05
10468,0.89,0.11
10469,0.94,0.06
10470,1,0
10471,1,0
10472,0.51,0.49
10473,0.99,0.01
10474,1,0
10475,0.99,0.01
10476,1,0
10477,0.99,0.01
10478,0.99,0.01
10479,0.47,0.53
10480,1,0
10481,1,0
10482,0.88,0.12
10483,1,0
10484,0.99,0.01
10485,0.98,0.02
10486,1,0
10487,0.87,0.13
10488,1,0
10489,0.99,0.01
10490,1,0
10491,1,0
10492,1,0
10493,1,0
10494,0.99,0.01
10495,0.87,0.13
10496,1,0
10497,0.96,0.04
10498,1,0
10499,1,0
10500,0.99,0.01
10501,1,0
10502,0.98,0.02
10503,0.99,0.01
10504,0.97,0.03
10505,0.97,0.03
10506,1,0
10507,1,0
10508,1,0
10509,1,0
10510,1,0
10511,1,0
10512,1,0
10513,0.94,0.06
10514,1,0
10515,1,0
10516,0.95,0.05
10517,0.97,0.03
10518,1,0
10519,1,0
10520,1,0
10521,0.99,0.01
10522,0.93,0.07
10523,1,0
10524,1,0
10525,0.97,0.03
10526,0.85,0.15
10527,0.99,0.01
10528,1,0
10529,1,0
10530,0.96,0.04
10531,1,0
10532,0.69,0.31
10533,0.82,0.18
10534,0.97,0.03
10535,1,0
10536,0.91,0.09
10537,1,0
10538,0.98,0.02
10539,1,0
10540,1,0
10541,1,0
10542,0.92,0.08
10543,0.97,0.03
10544,1,0
10545,0.98,0.02
10546,0.66,0.34
10547,1,0
10548,1,0
10549,1,0
10550,0.9,0.1
10551,0.95,0.05
10552,1,0
10553,0.99,0.01
10554,0.81,0.19
10555,1,0
10556,0.98,0.02
10557,0.95,0.05
10558,0.95,0.05
10559,0.67,0.33
10560,0.97,0.03
10561,0.99,0.01
10562,0.86,0.14
10563,1,0
10564,1,0
10565,1,0
10566,0.99,0.01
10567,1,0
10568,0.99,0.01
10569,0.8,0.2
10570,1,0
10571,1,0
10572,1,0
10573,0.92,0.08
10574,1,0
10575,0.99,0.01
10576,1,0
10577,1,0
10578,0.85,0.15
10579,0.9,0.1
10580,1,0
10581,1,0
10582,1,0
10583,0.98,0.02
10584,0.93,0.07
10585,1,0
10586,1,0
10587,0.98,0.02
10588,1,0
10589,1,0
10590,1,0
10591,0.97,0.03
10592,0.91,0.09
10593,1,0
10594,0.98,0.02
10595,0.99,0.01
10596,1,0
10597,0.42,0.58
10598,1,0
10599,0.99,0.01
10600,0.92,0.08
10601,0.99,0.01
10602,0.72,0.28
10603,1,0
10604,1,0
10605,0.94,0.06
10606,0.97,0.03
10607,0.97,0.03
10608,1,0
10609,0.8,0.2
10610,0.97,0.03
10611,1,0
10612,0.97,0.03
10613,1,0
10614,1,0
10615,1,0
10616,1,0
10617,1,0
10618,0.93,0.07
10619,1,0
10620,1,0
10621,0.99,0.01
10622,1,0
10623,1,0
10624,1,0
10625,1,0
10626,1,0
10627,1,0
10628,1,0
10629,1,0
10630,1,0
10631,1,0
10632,0.98,0.02
10633,0.99,0.01
10634,1,0
10635,0.86,0.14
10636,1,0
10637,0.94,0.06
10638,0.94,0.06
10639,1,0
10640,1,0
10641,1,0
10642,1,0
10643,1,0
10644,1,0
10645,0.87,0.13
10646,0.99,0.01
10647,1,0
10648,1,0
10649,0.99,0.01
10650,0.97,0.03
10651,1,0
10652,0.95,0.05
10653,0.9,0.1
10654,1,0
10655,0.97,0.03
10656,0.95,0.05
10657,1,0
10658,1,0
10659,0.97,0.03
10660,1,0
10661,0.99,0.01
10662,0.88,0.12
10663,0.92,0.08
10664,1,0
10665,1,0
10666,0.89,0.11
10667,0.96,0.04
10668,1,0
10669,0.98,0.02
10670,1,0
10671,0.99,0.01
10672,1,0
10673,1,0
10674,0.97,0.03
10675,0.68,0.32
10676,0.96,0.04
10677,1,0
10678,0.87,0.13
10679,1,0
10680,0.9,0.1
10681,1,0
10682,0.96,0.04
10683,0.99,0.01
10684,1,0
10685,0.97,0.03
10686,0.9,0.1
10687,1,0
10688,0.99,0.01
10689,0.99,0.01
10690,1,0
10691,0.91,0.09
10692,1,0
10693,1,0
10694,0.99,0.01
10695,1,0
10696,1,0
10697,0.99,0.01
10698,1,0
10699,1,0
10700,0.99,0.01
10701,0.94,0.06
10702,0.98,0.02
10703,0.88,0.12
10704,0.98,0.02
10705,1,0
10706,0.97,0.03
10707,0.99,0.01
10708,0.99,0.01
10709,1,0
10710,0.92,0.08
10711,1,0
10712,1,0
10713,1,0
10714,0.97,0.03
10715,1,0
10716,1,0
10717,1,0
10718,0.99,0.01
10719,1,0
10720,1,0
10721,1,0
10722,0.89,0.11
10723,0.85,0.15
10724,0.99,0.01
10725,1,0
10726,0.94,0.06
10727,1,0
10728,1,0
10729,0.73,0.27
10730,1,0
10731,1,0
10732,0.95,0.05
10733,1,0
10734,1,0
10735,0.89,0.11
10736,0.99,0.01
10737,0.83,0.17
10738,0.74,0.26
10739,1,0
10740,1,0
10741,0.98,0.02
10742,0.99,0.01
10743,1,0
10744,0.99,0.01
10745,1,0
10746,1,0
10747,1,0
10748,0.97,0.03
10749,0.97,0.03
10750,0.99,0.01
10751,0.98,0.02
10752,0.95,0.05
10753,0.99,0.01
10754,1,0
10755,0.97,0.03
10756,1,0
10757,1,0
10758,0.87,0.13
10759,1,0
10760,0.95,0.05
10761,1,0
10762,1,0
10763,0.93,0.07
10764,1,0
10765,0.99,0.01
10766,0.99,0.01
10767,0.84,0.16
10768,1,0
10769,0.95,0.05
10770,1,0
10771,0.98,0.02
10772,1,0
10773,1,0
10774,0.97,0.03
10775,1,0
10776,0.96,0.04
10777,1,0
10778,0.99,0.01
10779,0.59,0.41
10780,0.85,0.15
10781,0.95,0.05
10782,0.55,0.45
10783,0.99,0.01
10784,0.92,0.08
10785,0.75,0.25
10786,1,0
10787,1,0
10788,0.61,0.39
10789,1,0
10790,0.83,0.17
10791,0.98,0.02
10792,1,0
10793,0.99,0.01
10794,0.75,0.25
10795,1,0
10796,1,0
10797,0.9,0.1
10798,1,0
10799,0.99,0.01
10800,0.86,0.14
10801,0.69,0.31
10802,1,0
10803,1,0
10804,1,0
10805,1,0
10806,1,0
10807,1,0
10808,0.55,0.45
10809,1,0
10810,0.85,0.15
10811,1,0
10812,0.87,0.13
10813,1,0
10814,1,0
10815,1,0
10816,1,0
10817,1,0
10818,1,0
10819,0.91,0.09
10820,0.97,0.03
10821,1,0
10822,0.96,0.04
10823,0.98,0.02
10824,1,0
10825,1,0
10826,0.99,0.01
10827,1,0
10828,0.79,0.21
10829,1,0
10830,1,0
10831,1,0
10832,1,0
10833,0.92,0.08
10834,0.98,0.02
10835,0.99,0.01
10836,1,0
10837,1,0
10838,1,0
10839,0.98,0.02
10840,0.87,0.13
10841,1,0
10842,1,0
10843,0.83,0.17
10844,1,0
10845,1,0
10846,0.98,0.02
10847,0.97,0.03
10848,0.98,0.02
10849,0.99,0.01
10850,1,0
10851,1,0
10852,0.58,0.42
10853,0.98,0.02
10854,1,0
10855,0.94,0.06
10856,0.86,0.14
10857,1,0
10858,0.94,0.06
10859,0.71,0.29
10860,0.75,0.25
10861,1,0
10862,0.74,0.26
10863,0.32,0.68
10864,1,0
10865,0.83,0.17
10866,0.97,0.03
10867,0.78,0.22
10868,1,0
10869,0.95,0.05
10870,1,0
10871,1,0
10872,0.81,0.19
10873,0.98,0.02
10874,0.76,0.24
10875,0.99,0.01
10876,0.4,0.6
10877,1,0
10878,1,0
10879,0.82,0.18
10880,1,0
10881,0.99,0.01
10882,1,0
10883,0.99,0.01
10884,0.56,0.44
10885,1,0
10886,0.98,0.02
10887,0.99,0.01
10888,1,0
10889,0.99,0.01
10890,1,0
10891,0.9,0.1
10892,0.57,0.43
10893,1,0
10894,0.99,0.01
10895,1,0
10896,1,0
10897,0.92,0.08
10898,0.99,0.01
10899,1,0
10900,0.99,0.01
10901,0.98,0.02
10902,1,0
10903,1,0
10904,0.99,0.01
10905,1,0
10906,1,0
10907,0.75,0.25
10908,1,0
10909,0.96,0.04
10910,1,0
10911,0.99,0.01
10912,1,0
10913,1,0
10914,0.99,0.01
10915,1,0
10916,0.94,0.06
10917,1,0
10918,1,0
10919,1,0
10920,1,0
10921,0.99,0.01
10922,0.68,0.32
10923,0.98,0.02
10924,0.94,0.06
10925,0.99,0.01
10926,1,0
10927,0.99,0.01
10928,1,0
10929,1,0
10930,0.99,0.01
10931,1,0
10932,0.99,0.01
10933,1,0
10934,1,0
10935,1,0
10936,0.98,0.02
10937,1,0
10938,0.99,0.01
10939,0.98,0.02
10940,1,0
10941,1,0
10942,1,0
10943,0.89,0.11
10944,1,0
10945,1,0
10946,0.98,0.02
10947,0.9,0.1
10948,0.83,0.17
10949,0.87,0.13
10950,0.82,0.18
10951,0.99,0.01
10952,1,0
10953,0.91,0.09
10954,1,0
10955,0.92,0.08
10956,1,0
10957,0.98,0.02
10958,1,0
10959,1,0
10960,1,0
10961,1,0
10962,0.95,0.05
10963,1,0
10964,1,0
10965,1,0
10966,1,0
10967,0.91,0.09
10968,1,0
10969,1,0
10970,0.92,0.08
10971,0.85,0.15
10972,1,0
10973,0.85,0.15
10974,1,0
10975,1,0
10976,1,0
10977,1,0
10978,0.9,0.1
10979,0.99,0.01
10980,0.89,0.11
10981,1,0
10982,1,0
10983,1,0
10984,0.83,0.17
10985,0.98,0.02
10986,1,0
10987,0.99,0.01
10988,0.95,0.05
10989,1,0
10990,0.85,0.15
10991,1,0
10992,1,0
10993,0.88,0.12
10994,0.99,0.01
10995,1,0
10996,0.98,0.02
10997,1,0
10998,1,0
10999,0.96,0.04
11000,0.85,0.15
11001,0.74,0.26
11002,0.99,0.01
11003,0.94,0.06
11004,1,0
11005,1,0
11006,0.98,0.02
11007,1,0
11008,1,0
11009,1,0
11010,0.99,0.01
11011,0.98,0.02
11012,1,0
11013,0.93,0.07
11014,0.99,0.01
11015,0.94,0.06
11016,0.91,0.09
11017,1,0
11018,1,0
11019,0.99,0.01
11020,0.98,0.02
11021,0.59,0.41
11022,1,0
11023,0.97,0.03
11024,1,0
11025,0.81,0.19
11026,0.85,0.15
11027,0.95,0.05
11028,1,0
11029,0.99,0.01
11030,0.92,0.08
11031,1,0
11032,0.94,0.06
11033,1,0
11034,1,0
11035,0.54,0.46
11036,0.86,0.14
11037,1,0
11038,1,0
11039,0.99,0.01
11040,0.95,0.05
11041,1,0
11042,0.99,0.01
11043,1,0
11044,1,0
11045,1,0
11046,0.94,0.06
11047,1,0
11048,0.81,0.19
11049,0.93,0.07
11050,0.98,0.02
11051,1,0
11052,0.99,0.01
11053,1,0
11054,1,0
11055,0.78,0.22
11056,0.97,0.03
11057,1,0
11058,0.79,0.21
11059,1,0
11060,1,0
11061,1,0
11062,0.98,0.02
11063,0.99,0.01
11064,0.98,0.02
11065,1,0
11066,1,0
11067,1,0
11068,0.92,0.08
11069,1,0
11070,0.98,0.02
11071,0.97,0.03
11072,1,0
11073,1,0
11074,0.98,0.02
11075,1,0
11076,1,0
11077,1,0
11078,1,0
11079,0.99,0.01
11080,1,0
11081,0.96,0.04
11082,0.97,0.03
11083,0.62,0.38
11084,1,0
11085,1,0
11086,0.99,0.01
11087,0.97,0.03
11088,1,0
11089,0.96,0.04
11090,0.34,0.66
11091,0.69,0.31
11092,0.85,0.15
11093,0.99,0.01
11094,1,0
11095,1,0
11096,1,0
11097,1,0
11098,1,0
11099,1,0
11100,1,0
11101,1,0
11102,0.97,0.03
11103,1,0
11104,1,0
11105,1,0
11106,0.79,0.21
11107,0.94,0.06
11108,1,0
11109,0.97,0.03
11110,1,0
11111,0.88,0.12
11112,0.68,0.32
11113,0.9,0.1
11114,0.98,0.02
11115,0.96,0.04
11116,0.99,0.01
11117,1,0
11118,1,0
11119,0.85,0.15
11120,1,0
11121,1,0
11122,0.91,0.09
11123,0.96,0.04
11124,1,0
11125,0.89,0.11
11126,1,0
11127,1,0
11128,0.98,0.02
11129,0.98,0.02
11130,0.88,0.12
11131,1,0
11132,0.99,0.01
11133,0.98,0.02
11134,1,0
11135,1,0
11136,0.99,0.01
11137,1,0
11138,1,0
11139,0.91,0.09
11140,0.99,0.01
11141,0.95,0.05
11142,0.99,0.01
11143,1,0
11144,0.94,0.06
11145,1,0
11146,1,0
11147,1,0
11148,1,0
11149,0.84,0.16
11150,1,0
11151,1,0
11152,1,0
11153,1,0
11154,1,0
11155,1,0
11156,1,0
11157,1,0
11158,1,0
11159,1,0
11160,1,0
11161,0.95,0.05
11162,0.94,0.06
11163,1,0
11164,0.94,0.06
11165,1,0
11166,1,0
11167,1,0
11168,0.99,0.01
11169,0.97,0.03
11170,1,0
11171,1,0
11172,1,0
11173,1,0
11174,1,0
11175,1,0
11176,1,0
11177,1,0
11178,0.89,0.11
11179,1,0
11180,0.94,0.06
11181,1,0
11182,0.99,0.01
11183,1,0
11184,1,0
11185,0.97,0.03
11186,1,0
11187,1,0
11188,1,0
11189,0.97,0.03
11190,1,0
11191,1,0
11192,1,0
11193,0.99,0.01
11194,1,0
11195,1,0
11196,0.99,0.01
11197,1,0
11198,1,0
11199,0.7,0.3
11200,0.99,0.01
11201,1,0
11202,0.84,0.16
11203,1,0
11204,1,0
11205,0.97,0.03
11206,0.93,0.07
11207,1,0
11208,1,0
11209,0.99,0.01
11210,1,0
11211,0.98,0.02
11212,1,0
11213,1,0
11214,1,0
11215,1,0
11216,0.99,0.01
11217,0.97,0.03
11218,0.86,0.14
11219,0.91,0.09
11220,0.84,0.16
11221,1,0
11222,0.95,0.05
11223,0.99,0.01
11224,0.99,0.01
11225,0.98,0.02
11226,1,0
11227,1,0
11228,1,0
11229,1,0
11230,1,0
11231,1,0
11232,1,0
11233,0.89,0.11
11234,1,0
11235,1,0
11236,0.98,0.02
11237,0.94,0.06
11238,0.98,0.02
11239,1,0
11240,0.9,0.1
11241,1,0
11242,1,0
11243,1,0
11244,1,0
11245,1,0
11246,0.43,0.57
11247,0.96,0.04
11248,0.83,0.17
11249,1,0
11250,1,0
11251,0.98,0.02
11252,1,0
11253,1,0
11254,1,0
11255,1,0
11256,0.99,0.01
11257,0.83,0.17
11258,0.99,0.01
11259,1,0
11260,0.89,0.11
11261,0.92,0.08
11262,0.98,0.02
11263,1,0
11264,0.81,0.19
11265,1,0
11266,0.99,0.01
11267,0.96,0.04
11268,1,0
11269,1,0
11270,1,0
11271,0.98,0.02
11272,1,0
11273,0.84,0.16
11274,1,0
11275,0.98,0.02
11276,0.87,0.13
11277,1,0
11278,1,0
11279,0.99,0.01
11280,0.99,0.01
11281,0.96,0.04
11282,1,0
11283,0.99,0.01
11284,1,0
11285,0.95,0.05
11286,1,0
11287,1,0
11288,1,0
11289,0.95,0.05
11290,1,0
11291,1,0
11292,1,0
11293,0.92,0.08
11294,0.79,0.21
11295,0.99,0.01
11296,1,0
11297,1,0
11298,0.99,0.01
11299,0.91,0.09
11300,0.71,0.29
11301,0.96,0.04
11302,0.96,0.04
11303,0.96,0.04
11304,0.9,0.1
11305,0.95,0.05
11306,0.99,0.01
11307,0.97,0.03
11308,1,0
11309,0.9,0.1
11310,1,0
11311,1,0
11312,0.89,0.11
11313,0.93,0.07
11314,0.99,0.01
11315,0.99,0.01
11316,1,0
11317,1,0
11318,0.99,0.01
11319,0.99,0.01
11320,0.76,0.24
11321,1,0
11322,0.81,0.19
11323,1,0
11324,0.92,0.08
11325,1,0
11326,0.95,0.05
11327,1,0
11328,0.8,0.2
11329,1,0
11330,1,0
11331,0.86,0.14
11332,1,0
11333,1,0
11334,1,0
11335,1,0
11336,1,0
11337,1,0
11338,0.99,0.01
11339,1,0
11340,1,0
11341,0.99,0.01
11342,1,0
11343,1,0
11344,1,0
11345,0.9,0.1
11346,1,0
11347,1,0
11348,1,0
11349,1,0
11350,1,0
11351,0.89,0.11
11352,0.99,0.01
11353,0.98,0.02
11354,1,0
11355,0.99,0.01
11356,0.99,0.01
11357,1,0
11358,0.89,0.11
11359,1,0
11360,0.99,0.01
11361,1,0
11362,0.91,0.09
11363,0.44,0.56
11364,1,0
11365,0.98,0.02
11366,1,0
11367,0.99,0.01
11368,1,0
11369,0.83,0.17
11370,1,0
11371,0.98,0.02
11372,1,0
11373,0.99,0.01
11374,0.99,0.01
11375,1,0
11376,0.78,0.22
11377,0.95,0.05
11378,1,0
11379,1,0
11380,0.95,0.05
11381,0.91,0.09
11382,1,0
11383,1,0
11384,1,0
11385,1,0
11386,1,0
11387,0.99,0.01
11388,0.98,0.02
11389,1,0
11390,1,0
11391,1,0
11392,0.98,0.02
11393,1,0
11394,0.99,0.01
11395,0.91,0.09
11396,1,0
11397,1,0
11398,0.91,0.09
11399,0.63,0.37
11400,0.82,0.18
11401,1,0
11402,1,0
11403,0.89,0.11
11404,0.99,0.01
11405,0.96,0.04
11406,0.99,0.01
11407,1,0
11408,0.83,0.17
11409,1,0
11410,1,0
11411,0.96,0.04
11412,1,0
11413,1,0
11414,1,0
11415,0.98,0.02
11416,1,0
11417,1,0
11418,1,0
11419,0.86,0.14
11420,0.69,0.31
11421,0.73,0.27
11422,1,0
11423,0.97,0.03
11424,1,0
11425,0.98,0.02
11426,1,0
11427,0.98,0.02
11428,0.99,0.01
11429,0.99,0.01
11430,0.99,0.01
11431,1,0
11432,0.99,0.01
11433,0.93,0.07
11434,0.75,0.25
11435,0.95,0.05
11436,0.99,0.01
11437,1,0
11438,1,0
11439,1,0
11440,0.98,0.02
11441,0.98,0.02
11442,0.94,0.06
11443,1,0
11444,0.99,0.01
11445,1,0
11446,0.9,0.1
11447,1,0
11448,0.99,0.01
11449,1,0
11450,1,0
11451,1,0
11452,1,0
11453,1,0
11454,1,0
11455,0.65,0.35
11456,0.99,0.01
11457,0.91,0.09
11458,0.98,0.02
11459,0.99,0.01
11460,0.99,0.01
11461,1,0
11462,0.99,0.01
11463,0.98,0.02
11464,1,0
11465,1,0
11466,1,0
11467,1,0
11468,1,0
11469,1,0
11470,1,0
11471,1,0
11472,1,0
11473,0.9,0.1
11474,0.97,0.03
11475,1,0
11476,0.94,0.06
11477,1,0
11478,1,0
11479,0.83,0.17
11480,1,0
11481,1,0
11482,1,0
11483,0.73,0.27
11484,1,0
11485,0.99,0.01
11486,1,0
11487,1,0
11488,1,0
11489,1,0
11490,0.93,0.07
11491,1,0
11492,1,0
11493,1,0
11494,1,0
11495,1,0
11496,1,0
11497,1,0
11498,0.99,0.01
11499,1,0
11500,0.95,0.05
11501,1,0
11502,1,0
11503,1,0
11504,1,0
11505,0.78,0.22
11506,1,0
11507,1,0
11508,0.77,0.23
11509,1,0
11510,0.99,0.01
11511,0.93,0.07
11512,1,0
11513,1,0
11514,1,0
11515,1,0
11516,0.56,0.44
11517,0.99,0.01
11518,1,0
11519,1,0
11520,1,0
11521,0.77,0.23
11522,1,0
11523,0.97,0.03
11524,1,0
11525,1,0
11526,0.95,0.05
11527,1,0
11528,0.98,0.02
11529,1,0
11530,1,0
11531,0.96,0.04
11532,0.81,0.19
11533,0.99,0.01
11534,0.82,0.18
11535,1,0
11536,1,0
11537,1,0
11538,0.91,0.09
11539,1,0
11540,0.63,0.37
11541,0.99,0.01
11542,1,0
11543,1,0
11544,0.98,0.02
11545,1,0
11546,0.83,0.17
11547,0.99,0.01
11548,0.99,0.01
11549,0.98,0.02
11550,1,0
11551,0.97,0.03
11552,1,0
11553,1,0
11554,0.99,0.01
11555,1,0
11556,1,0
11557,1,0
11558,1,0
11559,0.99,0.01
11560,0.87,0.13
11561,1,0
11562,1,0
11563,0.97,0.03
11564,0.99,0.01
11565,0.89,0.11
11566,0.96,0.04
11567,1,0
11568,0.94,0.06
11569,0.8,0.2
11570,1,0
11571,1,0
11572,0.87,0.13
11573,0.89,0.11
11574,0.98,0.02
11575,1,0
11576,0.95,0.05
11577,0.99,0.01
11578,0.99,0.01
11579,0.99,0.01
11580,1,0
11581,0.84,0.16
11582,1,0
11583,1,0
11584,0.98,0.02
11585,0.98,0.02
11586,0.99,0.01
11587,1,0
11588,0.99,0.01
11589,0.66,0.34
11590,0.99,0.01
11591,0.92,0.08
11592,0.83,0.17
11593,1,0
11594,0.99,0.01
11595,0.96,0.04
11596,0.93,0.07
11597,0.99,0.01
11598,0.94,0.06
11599,1,0
11600,1,0
11601,0.96,0.04
11602,0.96,0.04
11603,1,0
11604,1,0
11605,1,0
11606,1,0
11607,1,0
11608,0.98,0.02
11609,0.95,0.05
11610,0.98,0.02
11611,1,0
11612,1,0
11613,0.92,0.08
11614,1,0
11615,0.99,0.01
11616,0.97,0.03
11617,0.64,0.36
11618,1,0
11619,1,0
11620,1,0
11621,0.87,0.13
11622,1,0
11623,1,0
11624,0.99,0.01
11625,1,0
11626,0.96,0.04
11627,0.96,0.04
11628,0.72,0.28
11629,0.99,0.01
11630,0.46,0.54
11631,0.99,0.01
11632,1,0
11633,0.68,0.32
11634,0.95,0.05
11635,1,0
11636,0.97,0.03
11637,0.99,0.01
11638,1,0
11639,1,0
11640,1,0
11641,0.87,0.13
11642,1,0
11643,1,0
11644,1,0
11645,1,0
11646,1,0
11647,1,0
11648,1,0
11649,1,0
11650,0.98,0.02
11651,0.93,0.07
11652,1,0
11653,1,0
11654,1,0
11655,0.99,0.01
11656,0.99,0.01
11657,1,0
11658,1,0
11659,1,0
11660,1,0
11661,0.99,0.01
11662,1,0
11663,0.99,0.01
11664,0.99,0.01
11665,1,0
11666,0.86,0.14
11667,0.99,0.01
11668,1,0
11669,1,0
11670,0.99,0.01
11671,0.89,0.11
11672,0.8,0.2
11673,0.99,0.01
11674,1,0
11675,1,0
11676,1,0
11677,1,0
11678,1,0
11679,1,0
11680,0.99,0.01
11681,1,0
11682,0.99,0.01
11683,1,0
11684,1,0
11685,1,0
11686,0.88,0.12
11687,0.99,0.01
11688,1,0
11689,1,0
11690,0.76,0.24
11691,1,0
11692,0.99,0.01
11693,0.99,0.01
11694,1,0
11695,0.97,0.03
11696,1,0
11697,1,0
11698,1,0
11699,0.78,0.22
11700,0.93,0.07
11701,0.65,0.35
11702,0.99,0.01
11703,1,0
11704,1,0
11705,0.99,0.01
11706,0.99,0.01
11707,1,0
11708,1,0
11709,0.97,0.03
11710,1,0
11711,1,0
11712,0.91,0.09
11713,1,0
11714,0.99,0.01
11715,1,0
11716,0.83,0.17
11717,1,0
11718,0.92,0.08
11719,0.99,0.01
11720,1,0
11721,0.89,0.11
11722,1,0
11723,1,0
11724,0.99,0.01
11725,0.99,0.01
11726,1,0
11727,0.99,0.01
11728,1,0
11729,1,0
11730,0.62,0.38
11731,1,0
11732,0.99,0.01
11733,1,0
11734,1,0
11735,0.93,0.07
11736,1,0
11737,1,0
11738,1,0
11739,0.99,0.01
11740,1,0
11741,0.96,0.04
11742,0.8,0.2
11743,0.99,0.01
11744,1,0
11745,1,0
11746,1,0
11747,1,0
11748,1,0
11749,0.89,0.11
11750,0.95,0.05
11751,1,0
11752,0.92,0.08
11753,1,0
11754,1,0
11755,1,0
11756,1,0
11757,1,0
11758,1,0
11759,0.88,0.12
11760,0.74,0.26
11761,1,0
11762,0.57,0.43
11763,1,0
11764,0.97,0.03
11765,0.98,0.02
11766,0.95,0.05
11767,1,0
11768,1,0
11769,0.92,0.08
11770,0.57,0.43
11771,0.96,0.04
11772,0.62,0.38
11773,1,0
11774,0.99,0.01
11775,1,0
11776,0.95,0.05
11777,1,0
11778,0.81,0.19
11779,1,0
11780,1,0
11781,0.96,0.04
11782,0.99,0.01
11783,0.98,0.02
11784,1,0
11785,1,0
11786,1,0
11787,1,0
11788,1,0
11789,0.99,0.01
11790,0.81,0.19
11791,1,0
11792,0.97,0.03
11793,1,0
11794,1,0
11795,1,0
11796,0.99,0.01
11797,0.96,0.04
11798,0.97,0.03
11799,1,0
11800,0.89,0.11
11801,1,0
11802,0.89,0.11
11803,1,0
11804,1,0
11805,0.97,0.03
11806,1,0
11807,0.99,0.01
11808,0.98,0.02
11809,0.99,0.01
11810,0.99,0.01
11811,0.91,0.09
11812,1,0
11813,0.69,0.31
11814,1,0
11815,0.98,0.02
11816,1,0
11817,0.98,0.02
11818,1,0
11819,0.81,0.19
11820,1,0
11821,1,0
11822,1,0
11823,0.98,0.02
11824,0.99,0.01
11825,1,0
11826,0.99,0.01
11827,0.9,0.1
11828,1,0
11829,1,0
11830,0.57,0.43
11831,1,0
11832,0.5,0.5
11833,1,0
11834,1,0
11835,0.66,0.34
11836,0.87,0.13
11837,1,0
11838,1,0
11839,1,0
11840,0.93,0.07
11841,0.96,0.04
11842,0.78,0.22
11843,0.99,0.01
11844,0.96,0.04
11845,1,0
11846,1,0
11847,0.77,0.23
11848,0.4,0.6
11849,1,0
11850,1,0
11851,1,0
11852,1,0
11853,0.98,0.02
11854,1,0
11855,0.83,0.17
11856,1,0
11857,1,0
11858,0.95,0.05
11859,0.98,0.02
11860,1,0
11861,1,0
11862,0.76,0.24
11863,1,0
11864,1,0
11865,1,0
11866,1,0
11867,1,0
11868,1,0
11869,1,0
11870,1,0
11871,1,0
11872,1,0
11873,1,0
11874,1,0
11875,1,0
11876,0.98,0.02
11877,0.94,0.06
11878,0.95,0.05
11879,1,0
11880,1,0
11881,1,0
11882,1,0
11883,1,0
11884,0.99,0.01
11885,0.88,0.12
11886,0.82,0.18
11887,1,0
11888,1,0
11889,0.99,0.01
11890,1,0
11891,0.94,0.06
11892,0.96,0.04
11893,1,0
11894,1,0
11895,0.97,0.03
11896,1,0
11897,0.99,0.01
11898,1,0
11899,1,0
11900,1,0
11901,0.89,0.11
11902,0.99,0.01
11903,0.98,0.02
11904,1,0
11905,0.99,0.01
11906,0.99,0.01
11907,1,0
11908,0.99,0.01
11909,1,0
11910,1,0
11911,0.99,0.01
11912,1,0
11913,1,0
11914,1,0
11915,1,0
11916,1,0
11917,0.81,0.19
11918,0.95,0.05
11919,0.95,0.05
11920,1,0
11921,1,0
11922,1,0
11923,0.71,0.29
11924,1,0
11925,0.92,0.08
11926,1,0
11927,1,0
11928,0.83,0.17
11929,0.98,0.02
11930,1,0
11931,0.89,0.11
11932,0.79,0.21
11933,0.99,0.01
11934,1,0
11935,0.98,0.02
11936,1,0
11937,0.97,0.03
11938,1,0
11939,0.56,0.44
11940,1,0
11941,1,0
11942,1,0
11943,0.98,0.02
11944,1,0
11945,1,0
11946,1,0
11947,0.97,0.03
11948,0.67,0.33
11949,0.97,0.03
11950,1,0
11951,0.99,0.01
11952,1,0
11953,1,0
11954,1,0
11955,0.94,0.06
11956,1,0
11957,1,0
11958,0.5,0.5
11959,0.99,0.01
11960,0.94,0.06
11961,1,0
11962,0.6,0.4
11963,1,0
11964,1,0
11965,1,0
11966,1,0
11967,1,0
11968,1,0
11969,0.89,0.11
11970,0.91,0.09
11971,1,0
11972,1,0
11973,0.98,0.02
11974,1,0
11975,0.99,0.01
11976,0.81,0.19
11977,1,0
11978,1,0
11979,1,0
11980,0.94,0.06
11981,1,0
11982,1,0
11983,1,0
11984,0.96,0.04
11985,1,0
11986,1,0
11987,0.74,0.26
11988,0.96,0.04
11989,1,0
11990,0.97,0.03
11991,0.9,0.1
11992,1,0
11993,1,0
11994,1,0
11995,1,0
11996,1,0
11997,0.73,0.27
11998,0.97,0.03
11999,0.92,0.08
12000,1,0
12001,0.97,0.03
12002,1,0
12003,0.99,0.01
12004,1,0
12005,1,0
12006,1,0
12007,1,0
12008,0.97,0.03
12009,0.62,0.38
12010,1,0
12011,1,0
12012,1,0
12013,0.59,0.41
12014,1,0
12015,0.96,0.04
12016,1,0
12017,1,0
12018,1,0
12019,1,0
12020,1,0
12021,1,0
12022,1,0
12023,1,0
12024,0.98,0.02
12025,0.59,0.41
12026,0.94,0.06
12027,1,0
12028,0.99,0.01
12029,1,0
12030,1,0
12031,0.84,0.16
12032,0.94,0.06
12033,0.96,0.04
12034,1,0
12035,1,0
12036,0.51,0.49
12037,1,0
12038,1,0
12039,0.93,0.07
12040,0.76,0.24
12041,1,0
12042,1,0
12043,1,0
12044,1,0
12045,1,0
12046,1,0
12047,1,0
12048,0.92,0.08
12049,1,0
12050,0.98,0.02
12051,0.99,0.01
12052,0.93,0.07
12053,0.99,0.01
12054,1,0
12055,1,0
12056,0.57,0.43
12057,0.99,0.01
12058,1,0
12059,1,0
12060,1,0
12061,1,0
12062,1,0
12063,1,0
12064,1,0
12065,1,0
12066,1,0
12067,0.95,0.05
12068,1,0
12069,1,0
12070,1,0
12071,0.57,0.43
12072,1,0
12073,1,0
12074,1,0
12075,0.6,0.4
12076,0.96,0.04
12077,0.68,0.32
12078,1,0
12079,1,0
12080,1,0
12081,0.9,0.1
12082,1,0
12083,1,0
12084,1,0
12085,0.76,0.24
12086,1,0
12087,0.97,0.03
12088,1,0
12089,1,0
12090,1,0
12091,1,0
12092,0.99,0.01
12093,1,0
12094,0.96,0.04
12095,1,0
12096,1,0
12097,1,0
12098,0.98,0.02
12099,1,0
12100,1,0
12101,0.99,0.01
12102,0.99,0.01
12103,0.99,0.01
12104,0.98,0.02
12105,1,0
12106,1,0
12107,0.88,0.12
12108,0.99,0.01
12109,0.99,0.01
12110,0.99,0.01
12111,0.95,0.05
12112,1,0
12113,0.95,0.05
12114,0.98,0.02
12115,0.94,0.06
12116,0.99,0.01
12117,1,0
12118,0.99,0.01
12119,0.92,0.08
12120,1,0
12121,1,0
12122,1,0
12123,1,0
12124,0.99,0.01
12125,1,0
12126,1,0
12127,0.98,0.02
12128,0.95,0.05
12129,0.84,0.16
12130,0.67,0.33
12131,1,0
12132,1,0
12133,1,0
12134,1,0
12135,0.72,0.28
12136,1,0
12137,1,0
12138,0.86,0.14
12139,1,0
12140,1,0
12141,0.95,0.05
12142,0.99,0.01
12143,0.9,0.1
12144,1,0
12145,0.99,0.01
12146,0.99,0.01
12147,0.98,0.02
12148,0.74,0.26
12149,0.91,0.09
12150,0.96,0.04
12151,0.93,0.07
12152,1,0
12153,1,0
12154,1,0
12155,1,0
12156,1,0
12157,1,0
12158,0.99,0.01
12159,0.98,0.02
12160,1,0
12161,0.99,0.01
12162,1,0
12163,0.99,0.01
12164,1,0
12165,1,0
12166,0.99,0.01
12167,0.91,0.09
12168,0.55,0.45
12169,0.97,0.03
12170,1,0
12171,0.97,0.03
12172,0.98,0.02
12173,1,0
12174,0.95,0.05
12175,1,0
12176,1,0
12177,1,0
12178,0.98,0.02
12179,1,0
12180,0.95,0.05
12181,1,0
12182,1,0
12183,1,0
12184,1,0
12185,0.72,0.28
12186,1,0
12187,0.96,0.04
12188,1,0
12189,0.99,0.01
12190,0.98,0.02
12191,0.95,0.05
12192,1,0
12193,1,0
12194,0.96,0.04
12195,0.92,0.08
12196,0.98,0.02
12197,1,0
12198,1,0
12199,0.98,0.02
12200,1,0
12201,0.99,0.01
12202,NA,NA
12203,1,0
12204,1,0
12205,0.99,0.01
12206,0.98,0.02
12207,0.71,0.29
12208,0.76,0.24
12209,1,0
12210,1,0
12211,1,0
12212,0.92,0.08
12213,1,0
12214,1,0
12215,1,0
12216,0.99,0.01
12217,1,0
12218,1,0
12219,0.94,0.06
12220,1,0
12221,0.94,0.06
12222,0.96,0.04
12223,1,0
12224,0.89,0.11
12225,1,0
12226,0.95,0.05
12227,0.98,0.02
12228,1,0
12229,0.9,0.1
12230,1,0
12231,1,0
12232,0.47,0.53
12233,1,0
12234,0.9,0.1
12235,1,0
12236,1,0
12237,1,0
12238,1,0
12239,1,0
12240,1,0
12241,0.92,0.08
12242,0.84,0.16
12243,0.97,0.03
